t	x1      x2
0.0000	0.9671 0.824132
0.1000	0.9540 0.806117
0.2000	0.9067 0.761068
0.3000	0.8863 0.774399
0.4000	0.8986 0.782204
0.5000	0.9103 0.780837
0.6000	0.8961 0.788852
0.7000	0.9030 0.812082
0.8000	0.8915 0.79184	
0.9000	0.8894 0.773353
1.0000	0.8951 0.800148
1.1000	0.9120 0.785393
1.2000	0.9019 0.770274
1.3000	0.8871 0.758371
1.4000	0.8904 0.761857
1.5000	0.9085 0.772773
1.6000	0.9194 0.791621
1.7000	0.8943 0.784459
1.8000	0.8822 0.768649
1.9000	0.8758 0.762603
2.0000	0.8759 0.782098
2.1000	0.8807 0.784758
2.2000	0.8930 0.77194	
2.3000	0.8955 0.796691
2.4000	0.9109 0.774072
2.5000	0.8848 0.765999
2.6000	0.8803 0.75284
2.7000	0.8949 0.749435
2.8000	0.9127 0.768379
2.9000	0.8958 0.769398
3.0000	0.8597 0.782072
3.1000	0.8578 0.780258
3.2000	0.8568 0.768878
3.3000	0.8801 0.78236	
3.4000	0.9010 0.770667
3.5000	0.9187 0.771319
3.6000	0.8995 0.764349
3.7000	0.8530 0.778356
3.8000	0.8582 0.793004
3.9000	0.8939 0.780566
4.0000	0.9126 0.765402
4.1000	0.9129 0.757867
4.2000	0.8889 0.761349
4.3000	0.8815 0.765291
4.4000	0.9037 0.78693	
4.5000	0.9248 0.801072
4.6000	0.9230 0.768807
4.7000	0.8967 0.778703
4.8000	0.8900 0.772542
4.9000	0.8981 0.776159
5.0000	0.8929 0.787752
5.1000	0.9189 0.76693	
5.2000	0.9161 0.774919
5.3000	0.8845 0.775966
5.4000	0.8920 0.775567
5.5000	0.9033 0.773578
5.6000	0.8906 0.772341
5.7000	0.8724 0.767478
5.8000	0.8912 0.761257
5.9000	0.8866 0.787314
6.0000	0.9117 0.770681
6.1000	0.9253 0.745648
6.2000	0.8819 0.759692
6.3000	0.8804 0.771701
6.4000	0.8908 0.783437
6.5000	0.8963 0.756888
6.6000	0.8931 0.751664
6.7000	0.8930 0.751516
6.8000	0.8816 0.761678
6.9000	0.8595 0.770174
7.0000	0.8642 0.753223
7.1000	0.9064 0.77865	
7.2000	0.9177 0.788744
7.3000	0.8707 0.769975
7.4000	0.8603 0.754902
7.5000	0.8502 0.750251
7.6000	0.8778 0.786133
7.7000	0.8989 0.78652	
7.8000	0.8996 44	
7.9000	0.8927 37	
8.0000	0.8744 0.779932
8.1000	0.8961 0.76677	
8.2000	0.8996 0.76433	
8.3000	0.8958 0.766867
8.4000	0.8932 4	
8.5000	0.9111 0.754472
8.6000	0.8732 0.767465
8.7000	0.8429 0.755668
8.8000	0.8535 0.770932
8.9000	0.8922 0.752192
9.0000	0.9090 0.762064
9.1000	0.8947 0.760035
9.2000	0.8705 0.779811
9.3000	0.8748 0.76423	
9.4000	0.8830 0.758224
9.5000	0.8892 0.78892	
9.6000	0.8819 0.767652
9.7000	0.8891 0.747195
9.8000	0.9047 0.750546
9.9000	0.9042 0.762969
10.0000	0.8839 0.761555
10.1000	0.8834 0.778944
10.2000	0.8674 0.785193
10.3000	0.8828 0.779618
10.4000	0.8964 0.752617
10.5000	0.8727 0.742491
10.6000	0.8779 0.762358
10.7000	0.8927 0.762852
10.8000	0.8667 0.773564
10.9000	0.8679 0.772865
11.0000	0.8579 0.78442	
11.1000	0.8881 0.756337
11.2000	0.8906 0.745137
11.3000	0.8577 0.750276
11.4000	0.8709 0.767517
11.5000	0.8741 0.77802	
11.6000	0.8915 0.789534
11.7000	0.8865 07	
11.8000	0.8753 0.766805
11.9000	0.8894 0.784818
12.0000	0.8744 0.777586
12.1000	0.8655 0.757902
12.2000	0.8834 0.774264
12.3000	0.8982 0.791968
12.4000	0.8921 0.790091
12.5000	0.8722 0.78287	
12.6000	0.8524 0.755894
12.7000	0.8618 0.763296
12.8000	0.8903 0.796328
12.9000	0.9017 0.796444
13.0000	0.9200 0.763741
13.1000	0.9055 0.761551
13.2000	0.8836 0.789624
13.3000	0.8842 0.794178
13.4000	0.9052 0.79176	
13.5000	0.8848 0.783471
13.6000	0.8884 0.785437
13.7000	0.9030 0.786158
13.8000	0.8884 0.781388
13.9000	0.8864 0.772302
14.0000	0.8865 0.775785
14.1000	0.8871 0.779726
14.2000	0.8919 0.788053
14.3000	0.9041 0.788578
14.4000	0.9024 0.753657
14.5000	0.8883 0.731968
14.6000	0.8773 0.726854
14.7000	0.8764 0.755426
14.8000	0.8847 0.74573	
14.9000	0.8751 0.763587
15.0000	0.8900 0.755245
15.1000	0.9078 0.749099
15.2000	0.8918 0.751727
15.3000	0.8671 0.758248
15.4000	0.8859 0.76236	
15.5000	0.8779 0.762084
