t	x1	x2
0.0000	6.7448	6.72313
0.1000	6.50885	6.49877
0.2000	6.21926	6.20101
0.3000	6.1057	6.09757
0.4000	6.09811	6.12596
0.5000	6.16544	6.19239
0.6000	6.2008	6.23177
0.7000	6.1956	6.24893
0.8000	6.1871	6.23783
0.9000	6.19399	6.21997
1.0000	6.17827	6.20757
1.1000	6.17809	6.21598
1.2000	6.17881	6.21896
1.3000	6.17599	6.22792
1.4000	6.16904	6.25226
1.5000	6.19072	6.23506
1.6000	6.17747	6.22173
1.7000	6.18641	6.20681
1.8000	6.1935	6.18865
1.9000	6.18115	6.19847
2.0000	6.20612	6.21736
2.1000	6.20896	6.22095
2.2000	6.20953	6.22199
2.3000	6.20561	6.22139
2.4000	6.20505	6.21075
2.5000	6.18926	6.22254
2.6000	6.18817	6.22129
2.7000	6.20405	6.20746
2.8000	6.21104	6.21602
2.9000	6.18534	6.20732
3.0000	6.18133	6.21466
3.1000	6.20715	6.21376
3.2000	6.19557	6.21579
3.3000	6.19714	6.19594
3.4000	6.19486	6.20471
3.5000	6.19169	6.20835
3.6000	6.19009	6.22077
3.7000	6.20154	6.20506
3.8000	6.20939	6.22653
3.9000	6.22247	6.19694
4.0000	6.21255	6.20896
4.1000	6.18939	6.22162
4.2000	6.17657	6.22526
4.3000	6.1862	6.23524
4.4000	6.20138	6.21522
4.5000	6.19507	6.20884
4.6000	6.17856	6.19759
4.7000	6.1727	6.20939
4.8000	6.17697	6.20344
4.9000	6.20905	6.20041
5.0000	6.20667	6.22816
5.1000	6.21456	6.23307
5.2000	6.20006	6.22428
5.3000	6.20005	6.21237
5.4000	6.19815	6.19376
5.5000	6.19558	6.18114
5.6000	6.20495	6.18678
5.7000	6.19059	6.1871
5.8000	6.19396	6.22004
5.9000	6.19794	6.24272
6.0000	6.19604	6.2441
6.1000	6.19469	6.24395
6.2000	6.17985	6.21089
6.3000	6.19272	6.2143
6.4000	6.18833	6.20239
6.5000	6.20875	6.20042
6.6000	6.20785	6.20556
6.7000	6.21728	6.22565
6.8000	6.20646	6.23993
6.9000	6.18252	6.21457
7.0000	6.19513	6.218
7.1000	6.20651	6.20398
7.2000	6.21035	6.20594
7.3000	6.20816	6.17409
7.4000	6.20561	6.18249
7.5000	6.20853	6.18074
7.6000	6.20238	6.22145
7.7000	6.18959	6.22173
7.8000	6.19805	6.22234
7.9000	6.2046	6.20708
8.0000	6.21129	6.17534
8.1000	6.19582	6.16971
8.2000	6.18177	6.17963
8.3000	6.17088	6.20195
8.4000	6.18338	6.2107
8.5000	6.18663	6.19789
8.6000	6.2051	6.20586
8.7000	6.22474	6.23313
8.8000	6.2097	6.2146
8.9000	6.183	6.22407
9.0000	6.18951	6.22179
9.1000	6.16698	6.19103
9.2000	6.19299	6.21045
9.3000	6.21762	6.22677
9.4000	6.20394	6.19966
9.5000	6.18552	6.19207
9.6000	6.19648	6.1939
9.7000	6.20626	6.19472
9.8000	6.1932	6.19099
9.9000	6.19423	6.1963
10.0000	6.17367	6.20619
10.1000	6.18434	6.19486
10.2000	6.18689	6.19937
10.3000	6.18683	6.19891
10.4000	6.18589	6.22262
10.5000	6.17182	6.20506
10.6000	6.19268	6.20416
10.7000	6.2198	6.21085
10.8000	6.21788	6.20433
10.9000	6.22438	6.21955
11.0000	6.21861	6.21389
11.1000	6.195	6.20583
11.2000	6.19565	6.24098
11.3000	6.21125	6.23827
11.4000	6.2057	6.24564
11.5000	6.19451	6.24279
11.6000	6.19389	6.22655
11.7000	6.18481	6.21471
11.8000	6.16977	6.22274
11.9000	6.18386	6.22027
12.0000	6.20749	6.20161
12.1000	6.19592	6.19375
12.2000	6.19233	6.21203
12.3000	6.19805	6.22834
12.4000	6.20574	6.22072
12.5000	6.19009	6.19479
12.6000	6.18144	6.2173
12.7000	6.20118	6.22154
12.8000	6.2028	6.2275
12.9000	6.17915	6.23679
13.0000	6.18448	6.20774
13.1000	6.17033	6.21426
13.2000	6.20922	6.22262
13.3000	6.20759	6.21901
13.4000	6.22905	6.21345
13.5000	6.20627	6.21319
13.6000	6.18582	6.2127
13.7000	6.16682	6.21387
13.8000	6.20197	6.21799
13.9000	6.20127	6.19302
14.0000	6.19462	6.19146
14.1000	6.21287	6.2039
14.2000	6.20486	6.22778
14.3000	6.21644	6.21569
14.4000	6.18341	6.21123
14.5000	6.19124	6.19095
14.6000	6.18567	6.1964
14.7000	6.19866	6.20337
14.8000	6.18269	6.18724
14.9000	6.19603	6.2003
15.0000	6.18867	6.20189
15.1000	6.19614	6.20955
15.2000	6.18697	6.21575
15.3000	6.21668	6.21106
15.4000	6.22736	6.2102
15.5000	6.2051	6.20632
15.6000	6.1954	6.21979
15.7000	6.19571	6.22507
15.8000	6.21145	6.21644
15.9000	6.20036	6.20978
16.0000	6.1808	6.21376
16.1000	6.18554	6.22942
16.2000	6.1814	6.23241
16.3000	6.21876	6.22141
16.4000	6.23319	6.2186
16.5000	6.21032	6.22781
16.6000	6.19682	6.23598
16.7000	6.20301	6.23541
16.8000	6.21756	6.22261
16.9000	6.22847	6.20369
17.0000	6.19764	6.19368
17.1000	6.19902	6.22795
17.2000	6.22576	6.2311
17.3000	6.22317	6.22647
17.4000	6.19724	6.20533
17.5000	6.19079	6.22314
17.6000	6.20305	6.22346
17.7000	6.2253	6.20598
17.8000	6.20417	6.19784
17.9000	6.22089	6.23433
18.0000	6.2234	6.23625
18.1000	6.20548	6.23194
18.2000	6.19478	6.22683
18.3000	6.18802	6.2232
18.4000	6.18929	6.21952
18.5000	6.20978	6.23247
18.6000	6.20922	6.23711
18.7000	6.19389	6.23838
18.8000	6.19551	6.24198
18.9000	6.18715	6.24468
19.0000	6.18206	6.22587
19.1000	6.20228	6.22955
19.2000	6.20317	6.22136
19.3000	6.1993	6.24414
19.4000	6.21608	6.24472
19.5000	6.19028	6.23477
19.6000	6.1774	6.23426
19.7000	6.20059	6.22315
19.8000	6.21519	6.21895
19.9000	6.21186	6.19688
20.0000	6.21727	6.2125
20.1000	6.20128	6.24129
20.2000	6.20137	6.23297
20.3000	6.19286	6.22546
20.4000	6.21077	6.2015
20.5000	6.2164	6.21214
20.6000	6.19833	6.21742
20.7000	6.18324	6.24767
20.8000	6.22712	6.2522
20.9000	6.23896	6.22411
21.0000	6.23987	6.20309
21.1000	6.18468	6.19227
21.2000	6.17639	6.21819
21.3000	6.21664	6.21907
21.4000	6.21702	6.21898
21.5000	6.20332	6.23908
21.6000	6.20777	6.21206
21.7000	6.21116	6.21181
21.8000	6.19479	6.19504
21.9000	6.19924	6.19247
22.0000	6.20973	6.20982
22.1000	6.18615	6.2302
22.2000	6.20253	6.20183
22.3000	6.19137	6.21229
22.4000	6.19267	6.21102
22.5000	6.19698	6.19833
22.6000	6.19335	6.20015
22.7000	6.19716	6.21255
22.8000	6.17949	6.2324
22.9000	6.1881	6.22189
23.0000	6.20142	6.21636
23.1000	6.21652	6.20977
23.2000	6.23341	6.22606
23.3000	6.21079	6.21926
23.4000	6.22059	6.21921
23.5000	6.21674	6.20983
23.6000	6.20559	6.20018
23.7000	6.20281	6.18192
23.8000	6.1792	6.20705
23.9000	6.20486	6.21723
24.0000	6.20574	6.20614
24.1000	6.2081	6.20449
24.2000	6.19153	6.20603
24.3000	6.21717	6.22609
24.4000	6.25319	6.20305
24.5000	6.21923	6.21266
24.6000	6.22527	6.21321
24.7000	6.23088	6.21964
24.8000	6.22787	6.23817
24.9000	6.22762	6.24107
25.0000	6.2257	6.24474
25.1000	6.17923	6.22829
25.2000	6.2021	6.23707
25.3000	6.19879	6.24804
25.4000	6.21458	6.25199
25.5000	6.21233	6.22251
25.6000	6.23194	6.21742
25.7000	6.21628	6.20442
25.8000	6.18073	6.20976
25.9000	6.1847	6.24987
26.0000	6.18341	6.23094
26.1000	6.21066	6.1996
26.2000	6.2193	6.19505
26.3000	6.20791	6.19215
26.4000	6.20715	6.20029
26.5000	6.18341	6.24691
26.6000	6.20879	6.23546
26.7000	6.21951	6.23418
26.8000	6.21362	6.21006
26.9000	6.20127	6.23427
27.0000	6.20336	6.24917
27.1000	6.22155	6.22289
27.2000	6.219	6.2025
27.3000	6.23623	6.20541
27.4000	6.20693	6.21253
27.5000	6.18696	6.22623
27.6000	6.1764	6.22151
27.7000	6.17935	6.2134
27.8000	6.18624	6.21106
27.9000	6.20242	6.2
28.0000	6.19952	6.20032
28.1000	6.21545	6.19987
28.2000	6.21509	6.2028
28.3000	6.21877	6.20432
28.4000	6.20422	6.22828
28.5000	6.20263	6.23112
28.6000	6.21213	6.21118
28.7000	6.19165	6.1881
28.8000	6.1796	6.21153
28.9000	6.16473	6.21341
29.0000	6.19229	6.22254
29.1000	6.21305	6.22323
29.2000	6.22124	6.21003
29.3000	6.20555	6.20565
29.4000	6.20485	6.19976
29.5000	6.19355	6.21688
29.6000	6.19675	6.2394
29.7000	6.19638	6.25694
29.8000	6.20887	6.20564
29.9000	6.21451	6.20918
30.0000	6.21684	6.21918
30.1000	6.24158	6.21552
30.2000	6.22048	6.23512
30.3000	6.1842	6.21801
30.4000	6.18819	6.2175
30.5000	6.20863	6.22432
30.6000	6.20054	6.23524
30.7000	6.20889	6.22872
30.8000	6.19869	6.25121
30.9000	6.19876	6.24101
31.0000	6.21091	6.23816
31.1000	6.22189	6.22478
31.2000	6.21338	6.24461
31.3000	6.24287	6.26543
31.4000	6.2614	6.26289
31.5000	6.2524	6.2425
31.6000	6.21795	6.20706
31.7000	6.183	6.20525
31.8000	6.18333	6.2228
31.9000	6.21376	6.21477
32.0000	6.21224	6.21036
32.1000	6.22707	6.22712
32.2000	6.22562	6.22884
32.3000	6.21432	6.22021
32.4000	6.2047	6.21482
32.5000	6.20583	6.20356
32.6000	6.21386	6.20492
32.7000	6.22071	6.22197
32.8000	6.21237	6.2256
32.9000	6.2112	6.21573
33.0000	6.22585	6.22206
33.1000	6.20087	6.22791
33.2000	6.2125	6.23503
33.3000	6.24571	6.21999
33.4000	6.25067	6.23219
33.5000	6.24508	6.24032
33.6000	6.21832	6.22379
33.7000	6.21809	6.24114
33.8000	6.22076	6.24176
33.9000	6.20884	6.22674
34.0000	6.20451	6.21623
34.1000	6.20951	6.21722
34.2000	6.21137	6.24364
34.3000	6.19576	6.21646
34.4000	6.19991	6.2178
34.5000	6.22014	6.23497
34.6000	6.22758	6.21414
34.7000	6.20822	6.22939
34.8000	6.22433	6.24909
34.9000	6.20672	6.24801
35.0000	6.2123	6.22845
35.1000	6.2268	6.19444
35.2000	6.22457	6.20752
35.3000	6.20099	6.21903
35.4000	6.17703	6.24458
35.5000	6.19221	6.22655
35.6000	6.20638	6.23323
35.7000	6.22166	6.22142
35.8000	6.24101	6.22113
35.9000	6.22682	6.20831
36.0000	6.22697	6.21119
36.1000	6.23806	6.2371
36.2000	6.23399	6.22955
36.3000	6.20869	6.21974
36.4000	6.21987	6.20783
36.5000	6.23005	6.22019
36.6000	6.22348	6.21078
36.7000	6.21828	6.20487
36.8000	6.21764	6.21293
36.9000	6.21032	6.21929
37.0000	6.21801	6.23572
37.1000	6.22689	6.22071
37.2000	6.22857	6.21604
37.3000	6.21559	6.22681
37.4000	6.1968	6.22364
37.5000	6.23025	6.2275
37.6000	6.24007	6.22878
37.7000	6.2105	6.22946
37.8000	6.19428	6.22456
37.9000	6.18388	6.23299
38.0000	6.23522	6.24918
38.1000	6.26987	6.23635
38.2000	6.25431	6.22078
38.3000	6.22978	6.21545
38.4000	6.23106	6.21919
38.5000	6.21659	6.22239
38.6000	6.20696	6.22651
38.7000	6.18563	6.23911
38.8000	6.20204	6.20987
38.9000	6.20489	6.21242
39.0000	6.21008	6.20677
39.1000	6.20601	6.21426
39.2000	6.20906	6.2266
39.3000	6.20136	6.23863
39.4000	6.20164	6.23183
39.5000	6.21096	6.24144
39.6000	6.2311	6.23165
39.7000	6.2463	6.24275
39.8000	6.22167	6.22694
39.9000	6.22108	6.23258
40.0000	6.19586	6.26227
40.1000	6.19655	6.26291
40.2000	6.18386	6.23282
40.3000	6.19146	6.23372
40.4000	6.22403	6.23509
40.5000	6.24096	6.22142
40.6000	6.23009	6.24407
40.7000	6.24414	6.23722
40.8000	6.22278	6.23798
40.9000	6.23061	6.22707
41.0000	6.25098	6.22808
41.1000	6.25812	6.22639
41.2000	6.23889	6.21878
41.3000	6.23817	6.21261
41.4000	6.21884	6.20024
41.5000	6.21217	6.21017
41.6000	6.20246	6.22126
41.7000	6.22085	6.23255
41.8000	6.23976	6.23928
41.9000	6.24394	6.22059
42.0000	6.24795	6.21687
42.1000	6.23196	6.23858
42.2000	6.24861	6.2538
42.3000	6.23423	6.25348
42.4000	6.2325	6.24919
42.5000	6.23617	6.23891
42.6000	6.21072	6.22588
42.7000	6.21421	6.2215
42.8000	6.23365	6.24166
42.9000	6.24005	6.24003
43.0000	6.2199	6.23225
43.1000	6.21932	6.23547
43.2000	6.21564	6.23025
43.3000	6.23199	6.23787
43.4000	6.23973	6.20948
43.5000	6.22005	6.19711
43.6000	6.1982	6.21798
43.7000	6.20669	6.24903
43.8000	6.24081	6.24585
43.9000	6.24857	6.25831
44.0000	6.23385	6.2343
44.1000	6.2351	6.22484
44.2000	6.23713	6.23707
44.3000	6.24986	6.23757
44.4000	6.26201	6.23229
44.5000	6.2542	6.23497
44.6000	6.26673	6.23133
44.7000	6.24132	6.23033
44.8000	6.22797	6.21229
44.9000	6.19988	6.21276
45.0000	6.23448	6.24016
45.1000	6.25925	6.24099
45.2000	6.24594	6.24
45.3000	6.23437	6.23273
45.4000	6.21578	6.23396
45.5000	6.24097	6.21413
45.6000	6.23503	6.20427
45.7000	6.21019	6.22696
45.8000	6.22532	6.21514
45.9000	6.23291	6.21707
46.0000	6.22157	6.22259
46.1000	6.23743	6.22202
46.2000	6.24212	6.22553
46.3000	6.24205	6.20917
46.4000	6.2387	6.20454
46.5000	6.21627	6.21383
46.6000	6.20838	6.24885
46.7000	6.23599	6.25001
46.8000	6.24222	6.25208
46.9000	6.23387	6.25762
47.0000	6.21442	6.24073
47.1000	6.19722	6.22079
47.2000	6.22091	6.22089
47.3000	6.2513	6.21378
47.4000	6.24837	6.2068
47.5000	6.21405	6.23088
47.6000	6.22476	6.23869
47.7000	6.20645	6.24762
47.8000	6.21681	6.24455
47.9000	6.2396	6.22869
48.0000	6.24528	6.21829
48.1000	6.24838	6.22047
48.2000	6.23003	6.25515
48.3000	6.21592	6.23532
48.4000	6.23674	6.23118
48.5000	6.2494	6.26412
48.6000	6.24693	6.26294
48.7000	6.23244	6.23007
48.8000	6.24256	6.23894
48.9000	6.2469	6.24894
49.0000	6.25382	6.24343
49.1000	6.22824	6.24352
49.2000	6.22835	6.23827
49.3000	6.22878	6.24706
49.4000	6.25357	6.26048
49.5000	6.26522	6.23006
49.6000	6.25674	6.21043
49.7000	6.24235	6.23638
49.8000	6.24586	6.25286
49.9000	6.25181	6.25273
50.0000	6.26315	6.25196
50.1000	6.23542	6.21375
50.2000	6.2391	6.20771
50.3000	6.24559	6.20637
50.4000	6.24993	6.2181
50.5000	6.23715	6.22997
50.6000	6.22159	6.22183
50.7000	6.20516	6.23696
50.8000	6.2258	6.2471
50.9000	6.25314	6.22063
51.0000	6.25061	6.21563
51.1000	6.26272	6.22578
51.2000	6.24487	6.23929
51.3000	6.23705	6.25563
51.4000	6.23875	6.25106
51.5000	6.22915	6.23756
51.6000	6.22899	6.21634
51.7000	6.2064	6.22241
51.8000	6.20631	6.23583
51.9000	6.23194	6.25648
52.0000	6.21163	6.2351
52.1000	6.22429	6.25695
52.2000	6.23708	6.25369
52.3000	6.24507	6.23895
52.4000	6.2527	6.21733
52.5000	6.24195	6.22965
52.6000	6.22107	6.21139
52.7000	6.2146	6.23138
52.8000	6.22094	6.24872
52.9000	6.22848	6.25268
53.0000	6.21983	6.23982
53.1000	6.21467	6.21808
53.2000	6.22232	6.20409
53.3000	6.23463	6.23145
53.4000	6.22731	6.25539
53.5000	6.22758	6.27008
53.6000	6.22095	6.2648
53.7000	6.22596	6.27663
53.8000	6.2423	6.25995
53.9000	6.24615	6.24436
54.0000	6.25153	6.25597
54.1000	6.23742	6.25337
54.2000	6.23323	6.23264
54.3000	6.23216	6.2406
54.4000	6.22102	6.25444
54.5000	6.22054	6.28442
54.6000	6.24764	6.26355
54.7000	6.26304	6.25524
54.8000	6.24784	6.25864
54.9000	6.22809	6.24612
55.0000	6.23887	6.23623
55.1000	6.2622	6.23917
55.2000	6.23949	6.23158
55.3000	6.23682	6.22835
55.4000	6.23223	6.22289
55.5000	6.25078	6.22879
55.6000	6.24379	6.24723
55.7000	6.24276	6.24416
55.8000	6.22908	6.24807
55.9000	6.23299	6.23486
56.0000	6.23563	6.26158
56.1000	6.22471	6.24511
56.2000	6.23042	6.2636
56.3000	6.24945	6.24967
56.4000	6.25547	6.23719
56.5000	6.22291	6.25733
56.6000	6.19905	6.27672
56.7000	6.21201	6.2803
56.8000	6.24228	6.26041
56.9000	6.25535	6.2497
57.0000	6.23624	6.257
57.1000	6.23495	6.25822
57.2000	6.23083	6.27603
57.3000	6.2243	6.26421
57.4000	6.26486	6.28433
57.5000	6.23894	6.28189
57.6000	6.2445	6.27275
57.7000	6.24759	6.26261
57.8000	6.25132	6.25026
57.9000	6.23322	6.25286
58.0000	6.21641	6.25209
58.1000	6.22497	6.24653
58.2000	6.23391	6.26574
58.3000	6.2298	6.27355
58.4000	6.23893	6.25968
58.5000	6.25181	6.23528
58.6000	6.25064	6.26074
58.7000	6.23619	6.27062
58.8000	6.22234	6.27505
58.9000	6.21969	6.26632
59.0000	6.23229	6.26431
59.1000	6.23884	6.23655
59.2000	6.23654	6.21256
59.3000	6.25126	6.22492
59.4000	6.24624	6.24208
59.5000	6.22746	6.26468
59.6000	6.21435	6.25454
59.7000	6.22028	6.24901
59.8000	6.23178	6.25269
59.9000	6.22895	6.26007
60.0000	6.21982	6.23835
60.1000	6.22449	6.22481
60.2000	6.23773	6.22166
60.3000	6.23168	6.25257
60.4000	6.23618	6.25005
60.5000	6.25079	6.26192
60.6000	6.24851	6.26704
60.7000	6.23472	6.25299
60.8000	6.24563	6.2658
60.9000	6.23705	6.25437
61.0000	6.23973	6.24856
61.1000	6.23828	6.24595
61.2000	6.22082	6.22698
61.3000	6.22093	6.24479
61.4000	6.24584	6.25889
61.5000	6.24927	6.25895
61.6000	6.25879	6.25677
61.7000	6.23538	6.24308
61.8000	6.23369	6.2622
61.9000	6.24034	6.26252
62.0000	6.24322	6.24707
62.1000	6.22656	6.25358
62.2000	6.25107	6.24778
62.3000	6.2675	6.251
62.4000	6.24848	6.22941
62.5000	6.23625	6.25218
62.6000	6.24647	6.2442
62.7000	6.25101	6.22366
62.8000	6.25281	6.23987
62.9000	6.2461	6.24387
63.0000	6.25987	6.2584
63.1000	6.25783	6.27143
63.2000	6.2612	6.27262
63.3000	6.25448	6.25737
63.4000	6.2646	6.22825
63.5000	6.27194	6.22018
63.6000	6.25898	6.24703
63.7000	6.2728	6.27308
63.8000	6.24987	6.27994
63.9000	6.23292	6.28008
64.0000	6.23275	6.24849
64.1000	6.22059	6.24337
64.2000	6.21986	6.25149
64.3000	6.23111	6.25195
64.4000	6.23107	6.26444
64.5000	6.24561	6.2586
64.6000	6.25047	6.28234
64.7000	6.25263	6.26649
64.8000	6.24089	6.25925
64.9000	6.22522	6.24468
65.0000	6.23282	6.22846
65.1000	6.2239	6.23873
65.2000	6.24097	6.24773
65.3000	6.2353	6.27983
65.4000	6.27073	6.25648
65.5000	6.27964	6.25573
65.6000	6.25256	6.25259
65.7000	6.24814	6.26006
65.8000	6.2551	6.23915
65.9000	6.25603	6.27375
66.0000	6.24589	6.23843
66.1000	6.23963	6.24722
66.2000	6.25108	6.21891
66.3000	6.25992	6.25456
66.4000	6.25139	6.26085
66.5000	6.239	6.25226
66.6000	6.22298	6.24743
66.7000	6.25536	6.2453
66.8000	6.24248	6.26843
66.9000	6.24275	6.25654
67.0000	6.23432	6.23563
67.1000	6.24371	6.23643
67.2000	6.25574	6.25182
67.3000	6.26706	6.25168
67.4000	6.25639	6.2493
67.5000	6.23974	6.26658
67.6000	6.24675	6.28821
67.7000	6.25189	6.27882
67.8000	6.25808	6.26639
67.9000	6.25417	6.25094
68.0000	6.26229	6.26192
68.1000	6.24185	6.23951
68.2000	6.25573	6.25835
68.3000	6.2814	6.24686
68.4000	6.26096	6.24457
68.5000	6.23754	6.22583
68.6000	6.25444	6.23911
68.7000	6.25562	6.24127
68.8000	6.28705	6.25121
68.9000	6.27846	6.26485
69.0000	6.28604	6.24417
69.1000	6.27348	6.25951
69.2000	6.23671	6.26088
69.3000	6.25427	6.25953
69.4000	6.25906	6.26773
69.5000	6.27093	6.27782
69.6000	6.27757	6.26854
69.7000	6.27019	6.24751
69.8000	6.26887	6.25361
69.9000	6.27375	6.2572
70.0000	6.26281	6.23095
70.1000	6.24335	6.23808
70.2000	6.22939	6.21309
70.3000	6.22398	6.21928
70.4000	6.22186	6.23585
70.5000	6.23284	6.25838
70.6000	6.22752	6.25636
70.7000	6.2536	6.24551
70.8000	6.26586	6.2243
70.9000	6.24727	6.2383
71.0000	6.25987	6.22346
71.1000	6.27308	6.24812
71.2000	6.28946	6.25356
71.3000	6.26518	6.25308
71.4000	6.24566	6.25877
71.5000	6.25138	6.26235
71.6000	6.24249	6.27849
71.7000	6.2406	6.27356
71.8000	6.25903	6.266
71.9000	6.28057	6.26117
72.0000	6.27075	6.23949
72.1000	6.25308	6.25598
72.2000	6.24857	6.28234
72.3000	6.25212	6.25179
72.4000	6.26963	6.2508
72.5000	6.27109	6.24554
72.6000	6.25955	6.25018
72.7000	6.25431	6.24856
72.8000	6.25875	6.23993
72.9000	6.2681	6.23824
73.0000	6.26555	6.25033
73.1000	6.27893	6.25029
73.2000	6.25881	6.23688
73.3000	6.23181	6.2282
73.4000	6.24327	6.25012
73.5000	6.25618	6.25389
73.6000	6.27083	6.24318
73.7000	6.25448	6.25669
73.8000	6.2501	6.27087
73.9000	6.25894	6.2498
74.0000	6.28021	6.24108
74.1000	6.26755	6.26793
74.2000	6.25205	6.29326
74.3000	6.26752	6.28586
74.4000	6.28331	6.27224
74.5000	6.27863	6.23175
74.6000	6.27169	6.23638
74.7000	6.25681	6.23841
74.8000	6.25679	6.28706
74.9000	6.24614	6.29329
75.0000	6.22717	6.29109
75.1000	6.25718	6.27689
75.2000	6.27301	6.2523
75.3000	6.27479	6.26404
75.4000	6.26962	6.25102
75.5000	6.25515	6.25124
75.6000	6.26203	6.26437
75.7000	6.24276	6.26983
75.8000	6.25387	6.27338
75.9000	6.24159	6.27224
76.0000	6.25725	6.24972
76.1000	6.26339	6.2467
76.2000	6.27319	6.23491
76.3000	6.26036	6.25925
76.4000	6.24582	6.26179
76.5000	6.23764	6.27094
76.6000	6.2516	6.26938
76.7000	6.24915	6.25367
76.8000	6.25716	6.23966
76.9000	6.26587	6.25387
77.0000	6.28262	6.27347
77.1000	6.26758	6.27366
77.2000	6.24546	6.27485
77.3000	6.25942	6.27911
77.4000	6.25896	6.26294
77.5000	6.27405	6.26513
77.6000	6.26871	6.28968
77.7000	6.25694	6.26797
77.8000	6.2597	6.2632
77.9000	6.25166	6.2687
78.0000	6.27146	6.29191
78.1000	6.25687	6.29093
78.2000	6.26816	6.29486
78.3000	6.28213	6.27563
78.4000	6.26387	6.2526
78.5000	6.26316	6.24278
78.6000	6.26827	6.22738
78.7000	6.26215	6.26518
78.8000	6.25513	6.29067
78.9000	6.27012	6.26847
79.0000	6.28584	6.24859
79.1000	6.28749	6.2308
79.2000	6.27219	6.23356
79.3000	6.24594	6.2662
79.4000	6.2616	6.26524
79.5000	6.25656	6.25791
79.6000	6.2738	6.27853
79.7000	6.2658	6.28609
79.8000	6.26169	6.2812
79.9000	6.25888	6.30682
80.0000	6.25623	6.27005
80.1000	6.26774	6.26371
80.2000	6.26053	6.26126
80.3000	6.26734	6.26886
80.4000	6.27795	6.26383
80.5000	6.2618	6.25186
80.6000	6.27076	6.26414
80.7000	6.24039	6.26387
80.8000	6.24253	6.29482
80.9000	6.28776	6.2742
81.0000	6.26357	6.27553
81.1000	6.25745	6.24548
81.2000	6.27111	6.25805
81.3000	6.26622	6.25974
81.4000	6.25419	6.2786
81.5000	6.25481	6.3004
81.6000	6.28134	6.28678
81.7000	6.29621	6.25245
81.8000	6.2693	6.23885
81.9000	6.2529	6.25342
82.0000	6.23709	6.27271
82.1000	6.26292	6.25665
82.2000	6.26004	6.26965
82.3000	6.24413	6.27329
82.4000	6.26837	6.28531
82.5000	6.27323	6.28486
82.6000	6.28307	6.28072
82.7000	6.28412	6.29094
82.8000	6.27659	6.28053
82.9000	6.28215	6.27715
83.0000	6.26893	6.28107
83.1000	6.24496	6.27473
83.2000	6.23927	6.23999
83.3000	6.24167	6.22797
83.4000	6.27801	6.25962
83.5000	6.26176	6.28169
83.6000	6.25574	6.29501
83.7000	6.26223	6.27398
83.8000	6.26324	6.28705
83.9000	6.26817	6.27435
84.0000	6.27005	6.25864
84.1000	6.25603	6.24954
84.2000	6.26486	6.25063
84.3000	6.25656	6.25889
84.4000	6.28145	6.26018
84.5000	6.26021	6.26354
84.6000	6.26093	6.26125
84.7000	6.27446	6.27156
84.8000	6.28679	6.26644
84.9000	6.29251	6.26494
85.0000	6.28695	6.25625
85.1000	6.25787	6.27147
85.2000	6.25524	6.2763
85.3000	6.26773	6.28579
85.4000	6.29313	6.29464
85.5000	6.2645	6.28178
85.6000	6.24166	6.28282
85.7000	6.23041	6.26684
85.8000	6.28258	6.28573
85.9000	6.2908	6.26769
86.0000	6.28409	6.2683
86.1000	6.28925	6.27656
86.2000	6.255	6.29836
86.3000	6.25157	6.29658
86.4000	6.2442	6.26029
86.5000	6.26515	6.26487
86.6000	6.268	6.272
86.7000	6.27258	6.31381
86.8000	6.2518	6.30921
86.9000	6.25265	6.28796
87.0000	6.2529	6.26231
87.1000	6.2605	6.27088
87.2000	6.28782	6.29991
87.3000	6.28112	6.29342
87.4000	6.2839	6.26375
87.5000	6.27053	6.29835
87.6000	6.26847	6.30771
87.7000	6.26254	6.29198
87.8000	6.25477	6.27467
87.9000	6.27521	6.27663
88.0000	6.2784	6.25341
88.1000	6.2507	6.26811
88.2000	6.2458	6.28431
88.3000	6.28334	6.28878
88.4000	6.29386	6.28977
88.5000	6.26769	6.27568
88.6000	6.26155	6.27771
88.7000	6.26305	6.2918
88.8000	6.26296	6.29547
88.9000	6.23404	6.26987
89.0000	6.24544	6.26359
89.1000	6.25335	6.27696
89.2000	6.26754	6.30529
89.3000	6.27376	6.29844
89.4000	6.26558	6.29595
89.5000	6.25134	6.28776
89.6000	6.2646	6.29808
89.7000	6.24883	6.30285
89.8000	6.24574	6.31905
89.9000	6.27889	6.31012
90.0000	6.27788	6.28668
90.1000	6.25753	6.28336
90.2000	6.27075	6.28733
90.3000	6.28195	6.2792
90.4000	6.27653	6.28403
90.5000	6.28931	6.28574
90.6000	6.26671	6.28254
90.7000	6.2626	6.29057
90.8000	6.24739	6.29426
90.9000	6.25143	6.28927
91.0000	6.2682	6.26169
91.1000	6.2916	6.27026
91.2000	6.26573	6.29648
91.3000	6.2752	6.2898
91.4000	6.26737	6.28421
91.5000	6.27763	6.26947
91.6000	6.2837	6.25134
91.7000	6.28461	6.28313
91.8000	6.27104	6.29786
91.9000	6.25793	6.30161
92.0000	6.2771	6.28323
92.1000	6.28498	6.26512
92.2000	6.27237	6.28311
92.3000	6.26734	6.31029
92.4000	6.28374	6.31503
92.5000	6.26091	6.28513
92.6000	6.27229	6.27696
92.7000	6.26052	6.27086
92.8000	6.28178	6.27923
92.9000	6.27455	6.29342
93.0000	6.29377	6.26889
93.1000	6.26335	6.25489
93.2000	6.27422	6.25906
93.3000	6.27537	6.28608
93.4000	6.27773	6.29082
93.5000	6.25747	6.27121
93.6000	6.25635	6.26416
93.7000	6.26789	6.28508
93.8000	6.28256	6.2885
93.9000	6.27849	6.28473
94.0000	6.26648	6.26828
94.1000	6.26651	6.30004
94.2000	6.27511	6.29084
94.3000	6.26525	6.29348
94.4000	6.26864	6.26833
94.5000	6.25996	6.27394
94.6000	6.26445	6.26447
94.7000	6.26317	6.27092
94.8000	6.27626	6.27305
94.9000	6.27223	6.31157
95.0000	6.27819	6.29739
95.1000	6.27372	6.28211
95.2000	6.28779	6.26995
95.3000	6.27773	6.30266
95.4000	6.30022	6.30232
95.5000	6.29589	6.31749
95.6000	6.26138	6.30509
95.7000	6.24856	6.30003
95.8000	6.26295	6.29138
95.9000	6.26827	6.27948
96.0000	6.24412	6.30836
96.1000	6.24196	6.31343
96.2000	6.23597	6.29663
96.3000	6.24598	6.29701
96.4000	6.2774	6.29976
96.5000	6.30113	6.31774
96.6000	6.30896	6.31666
96.7000	6.27573	6.29885
96.8000	6.27616	6.29901
96.9000	6.2838	6.31534
97.0000	6.28694	6.28659
97.1000	6.26452	6.29538
97.2000	6.28346	6.29558
97.3000	6.29369	6.29778
97.4000	6.29886	6.2879
97.5000	6.27199	6.28679
97.6000	6.28032	6.28949
97.7000	6.28572	6.28867
97.8000	6.27769	6.28203
97.9000	6.27743	6.30815
98.0000	6.28143	6.32556
98.1000	6.27142	6.29505
98.2000	6.25792	6.2973
98.3000	6.2615	6.28799
98.4000	6.26809	6.28147
98.5000	6.27384	6.26507
98.6000	6.25921	6.28371
98.7000	6.27853	6.29457
98.8000	6.27058	6.30987
98.9000	6.26654	6.29836
99.0000	6.26685	6.28719
99.1000	6.27487	6.29084
99.2000	6.27435	6.29093
99.3000	6.27927	6.28286
99.4000	6.28803	6.28194
99.5000	6.26495	6.2826
99.6000	6.27149	6.29952
99.7000	6.29616	6.29282
99.8000	6.28058	6.31164
99.9000	6.27219	6.30113
100.0000	6.28715	6.29474
100.1000	6.28382	6.26572
100.2000	6.30542	6.28538
100.3000	6.28707	6.29927
100.4000	6.30862	6.30292
100.5000	6.30164	6.27775
100.6000	6.28647	6.26527
100.7000	6.29817	6.26551
100.8000	6.28317	6.29638
100.9000	6.27735	6.31461
101.0000	6.26916	6.29858
101.1000	6.27606	6.28096
101.2000	6.2743	6.28161
101.3000	6.27844	6.29623
101.4000	6.27653	6.27601
101.5000	6.30019	6.27221
101.6000	6.29974	6.29242
101.7000	6.29564	6.30632
101.8000	6.29657	6.30009
101.9000	6.30649	6.29974
102.0000	6.30534	6.29122
102.1000	6.31224	6.30034
102.2000	6.28231	6.28462
102.3000	6.28582	6.27935
102.4000	6.29601	6.27717
102.5000	6.29799	6.28275
102.6000	6.27215	6.30444
102.7000	6.30137	6.28208
102.8000	6.29302	6.28318
102.9000	6.2957	6.29181
103.0000	6.2841	6.28872
103.1000	6.27045	6.27343
103.2000	6.26437	6.25959
103.3000	6.29494	6.27949
103.4000	6.30691	6.28132
103.5000	6.30526	6.28747
103.6000	6.29194	6.28392
103.7000	6.27984	6.29423
103.8000	6.25512	6.30955
103.9000	6.25853	6.30737
104.0000	6.28931	6.31656
104.1000	6.28831	6.30371
104.2000	6.31111	6.27359
104.3000	6.29673	6.2856
104.4000	6.26092	6.29909
104.5000	6.25025	6.31835
104.6000	6.2779	6.2939
104.7000	6.30056	6.31734
104.8000	6.32186	6.3255
104.9000	6.34018	6.30594
105.0000	6.31407	6.29527
105.1000	6.27039	6.29229
105.2000	6.29467	6.29909
105.3000	6.26951	6.30963
105.4000	6.27904	6.3146
105.5000	6.27761	6.28163
105.6000	6.29118	6.27828
105.7000	6.30321	6.28555
105.8000	6.28224	6.29885
105.9000	6.26847	6.29804
106.0000	6.27768	6.29635
106.1000	6.30386	6.31698
106.2000	6.29833	6.31679
106.3000	6.28154	6.31921
106.4000	6.28256	6.3053
106.5000	6.27718	6.31113
106.6000	6.27558	6.30591
106.7000	6.29389	6.31245
106.8000	6.29599	6.32202
106.9000	6.2973	6.31732
107.0000	6.30386	6.29274
107.1000	6.28096	6.30683
107.2000	6.2786	6.33339
107.3000	6.29138	6.30038
107.4000	6.27582	6.30674
107.5000	6.28812	6.29843
107.6000	6.29812	6.327
107.7000	6.29824	6.33839
107.8000	6.28954	6.314
107.9000	6.28681	6.30875
108.0000	6.29609	6.31432
108.1000	6.28715	6.30675
108.2000	6.27627	6.31299
108.3000	6.27902	6.3021
108.4000	6.31006	6.28094
108.5000	6.29855	6.2923
108.6000	6.294	6.31514
108.7000	6.28169	6.31133
108.8000	6.27616	6.30539
108.9000	6.27484	6.32007
109.0000	6.28994	6.30251
109.1000	6.27681	6.31184
109.2000	6.28444	6.31627
109.3000	6.30773	6.3412
109.4000	6.28979	6.32156
109.5000	6.27565	6.31568
109.6000	6.2804	6.32546
109.7000	6.28102	6.33887
109.8000	6.26802	6.32141
109.9000	6.28189	6.3129
110.0000	6.27212	6.34827
110.1000	6.2815	6.30166
110.2000	6.27905	6.28647
110.3000	6.2726	6.2831
110.4000	6.26966	6.2986
110.5000	6.28181	6.30096
110.6000	6.28817	6.30317
110.7000	6.32178	6.30911
110.8000	6.297	6.29327
110.9000	6.28415	6.29334
111.0000	6.29138	6.28427
111.1000	6.2805	6.3048
111.2000	6.28598	6.31079
111.3000	6.29618	6.33032
111.4000	6.30717	6.35043
111.5000	6.28689	6.31163
111.6000	6.27785	6.31034
111.7000	6.2854	6.28833
111.8000	6.2761	6.30013
111.9000	6.28125	6.33465
112.0000	6.2748	6.33417
112.1000	6.2826	6.3132
112.2000	6.26823	6.29855
112.3000	6.28019	6.30746
112.4000	6.29328	6.31803
112.5000	6.29294	6.34526
112.6000	6.29574	6.32895
112.7000	6.31222	6.30725
112.8000	6.31078	6.30034
112.9000	6.30159	6.3327
113.0000	6.27308	6.29964
113.1000	6.28921	6.29781
113.2000	6.27903	6.30344
113.3000	6.28522	6.3152
113.4000	6.30154	6.31392
113.5000	6.32671	6.31143
113.6000	6.30008	6.31292
113.7000	6.30106	6.31332
113.8000	6.28531	6.31611
113.9000	6.28852	6.2893
114.0000	6.27644	6.28229
114.1000	6.29314	6.30412
114.2000	6.28811	6.31659
114.3000	6.29699	6.32093
114.4000	6.32985	6.3208
114.5000	6.31509	6.32369
114.6000	6.30641	6.30959
114.7000	6.30404	6.31907
114.8000	6.26527	6.33043
114.9000	6.29206	6.33336
115.0000	6.29638	6.30189
115.1000	6.29551	6.28799
115.2000	6.29867	6.31306
115.3000	6.29742	6.30748
115.4000	6.31223	6.29568
115.5000	6.29751	6.2944
115.6000	6.29235	6.29566
115.7000	6.29976	6.31836
115.8000	6.30123	6.32372
115.9000	6.31298	6.32118
116.0000	6.32475	6.32083
116.1000	6.32706	6.31952
116.2000	6.31604	6.33082
116.3000	6.28779	6.32229
116.4000	6.26781	6.33108
116.5000	6.27992	6.3101
116.6000	6.29831	6.32242
116.7000	6.2918	6.31858
116.8000	6.28853	6.30978
116.9000	6.30709	6.30901
117.0000	6.31762	6.30568
117.1000	6.31692	6.30551
117.2000	6.28676	6.31242
117.3000	6.27694	6.29392
117.4000	6.27835	6.31561
117.5000	6.29893	6.31975
117.6000	6.30156	6.31726
117.7000	6.2868	6.31818
117.8000	6.28933	6.30794
117.9000	6.2998	6.33007
118.0000	6.28231	6.33239
118.1000	6.3089	6.31974
118.2000	6.30699	6.3031
118.3000	6.2778	6.30123
118.4000	6.278	6.32035
118.5000	6.30741	6.32101
118.6000	6.29387	6.312
118.7000	6.28375	6.31526
118.8000	6.29732	6.31451
118.9000	6.31497	6.32965
119.0000	6.33155	6.30951
119.1000	6.32707	6.30299
119.2000	6.31483	6.30755
119.3000	6.307	6.32517
119.4000	6.30862	6.32146
119.5000	6.30965	6.33156
119.6000	6.29716	6.32881
119.7000	6.27915	6.32017
119.8000	6.28813	6.28399
119.9000	6.27992	6.30116
120.0000	6.29666	6.30502
120.1000	6.28224	6.31164
120.2000	6.28285	6.31363
120.3000	6.30284	6.28521
120.4000	6.29597	6.3025
120.5000	6.27257	6.31162
120.6000	6.29557	6.32527
120.7000	6.30628	6.30615
120.8000	6.31563	6.28391
120.9000	6.32147	6.29067
121.0000	6.30746	6.29729
121.1000	6.30014	6.30857
121.2000	6.31027	6.30639
121.3000	6.32089	6.31472
121.4000	6.31096	6.32785
121.5000	6.31808	6.31938
121.6000	6.29031	6.30473
121.7000	6.27406	6.30432
121.8000	6.2716	6.31464
121.9000	6.29161	6.31613
122.0000	6.31552	6.32034
122.1000	6.33897	6.31035
122.2000	6.29033	6.31213
122.3000	6.27146	6.3095
122.4000	6.29323	6.3353
122.5000	6.31407	6.32876
122.6000	6.32374	6.34429
122.7000	6.34962	6.32735
122.8000	6.32292	6.2921
122.9000	6.32551	6.30809
123.0000	6.31273	6.3009
123.1000	6.30384	6.33922
123.2000	6.30675	6.35081
123.3000	6.2967	6.33772
123.4000	6.32324	6.34607
123.5000	6.31079	6.35466
123.6000	6.32952	6.34323
123.7000	6.3001	6.32409
123.8000	6.2787	6.30409
123.9000	6.29053	6.30483
124.0000	6.31363	6.29847
124.1000	6.30376	6.29169
124.2000	6.29925	6.30287
124.3000	6.30721	6.33106
124.4000	6.30745	6.33931
124.5000	6.31501	6.31784
124.6000	6.29957	6.32388
124.7000	6.31053	6.33025
124.8000	6.32268	6.31951
124.9000	6.3097	6.31601
125.0000	6.30889	6.32328
125.1000	6.29043	6.33209
125.2000	6.27812	6.31942
125.3000	6.30676	6.31061
125.4000	6.32448	6.31166
125.5000	6.30845	6.31981
125.6000	6.29776	6.33137
125.7000	6.31713	6.33298
125.8000	6.32107	6.31494
125.9000	6.32899	6.32405
126.0000	6.32253	6.31407
126.1000	6.29331	6.33356
126.2000	6.29143	6.31317
126.3000	6.29589	6.30327
126.4000	6.30559	6.29636
126.5000	6.29316	6.31069
126.6000	6.313	6.34083
126.7000	6.31857	6.33718
126.8000	6.31044	6.34769
126.9000	6.28217	6.34986
127.0000	6.28337	6.34161
127.1000	6.30103	6.32367
127.2000	6.28969	6.29693
127.3000	6.29243	6.30968
127.4000	6.30863	6.28986
127.5000	6.29683	6.31912
127.6000	6.28888	6.3284
127.7000	6.28556	6.31186
127.8000	6.31261	6.31072
127.9000	6.31025	6.2923
128.0000	6.31953	6.34137
128.1000	6.31516	6.35677
128.2000	6.33734	6.36496
128.3000	6.32053	6.34101
128.4000	6.31313	6.32918
128.5000	6.31241	6.33003
128.6000	6.32053	6.30783
128.7000	6.29984	6.32531
128.8000	6.28622	6.33333
128.9000	6.28671	6.32829
129.0000	6.3096	6.32896
129.1000	6.31207	6.32683
129.2000	6.31256	6.3477
129.3000	6.31329	6.33791
129.4000	6.29105	6.31839
129.5000	6.29366	6.27625
129.6000	6.27903	6.2787
129.7000	6.31145	6.30707
129.8000	6.30633	6.32847
129.9000	6.30899	6.32551
130.0000	6.29733	6.33549
130.1000	6.33743	6.33581
130.2000	6.35964	6.33077
130.3000	6.30994	6.33094
130.4000	6.30294	6.32227
130.5000	6.30709	6.3182
130.6000	6.31154	6.33615
130.7000	6.31412	6.34417
130.8000	6.30712	6.32488
130.9000	6.30764	6.33047
131.0000	6.30641	6.32681
131.1000	6.32236	6.31407
131.2000	6.30188	6.32507
131.3000	6.30886	6.33158
131.4000	6.34311	6.3238
131.5000	6.33968	6.30631
131.6000	6.32352	6.31648
131.7000	6.30834	6.32193
131.8000	6.29617	6.32909
131.9000	6.31877	6.33123
132.0000	6.3369	6.31413
132.1000	6.3042	6.30314
132.2000	6.30017	6.29851
132.3000	6.31988	6.33332
132.4000	6.32197	6.33902
132.5000	6.32798	6.34266
132.6000	6.31088	6.32064
132.7000	6.32342	6.30934
132.8000	6.31894	6.30228
132.9000	6.30715	6.30818
133.0000	6.32237	6.32219
133.1000	6.32761	6.3343
133.2000	6.32095	6.32397
133.3000	6.32546	6.33942
133.4000	6.34492	6.31994
133.5000	6.34157	6.33472
133.6000	6.32536	6.33854
133.7000	6.31481	6.32877
133.8000	6.29938	6.33854
133.9000	6.30691	6.34058
134.0000	6.33397	6.34488
134.1000	6.34549	6.31183
134.2000	6.31891	6.27758
134.3000	6.31533	6.28456
134.4000	6.31384	6.30788
134.5000	6.33032	6.33299
134.6000	6.32	6.33
134.7000	6.32199	6.32493
134.8000	6.33897	6.32361
134.9000	6.34452	6.33648
135.0000	6.33367	6.36181
135.1000	6.31642	6.34055
135.2000	6.33391	6.31038
135.3000	6.33947	6.30945
135.4000	6.31404	6.3208
135.5000	6.31246	6.32711
135.6000	6.32769	6.35461
135.7000	6.31386	6.3587
135.8000	6.32306	6.36148
135.9000	6.32666	6.3583
136.0000	6.31287	6.34114
136.1000	6.28801	6.32822
136.2000	6.32842	6.33709
136.3000	6.32742	6.31959
136.4000	6.33342	6.30682
136.5000	6.32025	6.30968
136.6000	6.30456	6.32304
136.7000	6.30996	6.35148
136.8000	6.34767	6.32011
136.9000	6.34794	6.31651
137.0000	6.34979	6.31356
137.1000	6.30981	6.35114
137.2000	6.32394	6.32971
137.3000	6.33016	6.30409
137.4000	6.35123	6.31304
137.5000	6.33295	6.33332
137.6000	6.33005	6.3467
137.7000	6.32525	6.34304
137.8000	6.32715	6.32733
137.9000	6.33789	6.31931
138.0000	6.33048	6.32866
138.1000	6.30961	6.32251
138.2000	6.30659	6.33822
138.3000	6.30551	6.31251
138.4000	6.33253	6.31656
138.5000	6.33052	6.31911
138.6000	6.3303	6.33957
138.7000	6.33006	6.32678
138.8000	6.31723	6.33501
138.9000	6.30481	6.318
139.0000	6.31315	6.33069
139.1000	6.33852	6.33119
139.2000	6.32391	6.32196
139.3000	6.33597	6.30094
139.4000	6.3165	6.31283
139.5000	6.34424	6.34783
139.6000	6.32534	6.33687
139.7000	6.31634	6.31827
139.8000	6.32166	6.31251
139.9000	6.33134	6.32257
140.0000	6.35549	6.32513
140.1000	6.34049	6.3104
140.2000	6.33617	6.31919
140.3000	6.32266	6.34541
140.4000	6.31123	6.36082
140.5000	6.31846	6.33478
140.6000	6.30411	6.31462
140.7000	6.29781	6.34974
140.8000	6.30894	6.34089
140.9000	6.3286	6.33311
141.0000	6.33965	6.34539
141.1000	6.33925	6.33793
141.2000	6.33268	6.3239
141.3000	6.31473	6.30593
141.4000	6.31086	6.31821
141.5000	6.34258	6.34185
141.6000	6.32277	6.33101
141.7000	6.32428	6.30914
141.8000	6.30674	6.3028
141.9000	6.32524	6.31271
142.0000	6.32996	6.34306
142.1000	6.33115	6.34334
142.2000	6.34535	6.32409
142.3000	6.35272	6.32404
142.4000	6.34357	6.32653
142.5000	6.32735	6.34518
142.6000	6.32679	6.33066
142.7000	6.33737	6.33119
142.8000	6.33725	6.31577
142.9000	6.33134	6.30537
143.0000	6.31088	6.31267
143.1000	6.3558	6.31616
143.2000	6.34814	6.31324
143.3000	6.31961	6.30326
143.4000	6.31142	6.31709
143.5000	6.30028	6.32989
143.6000	6.30728	6.34299
143.7000	6.33863	6.34439
143.8000	6.32966	6.3173
143.9000	6.30828	6.30249
144.0000	6.29081	6.30082
144.1000	6.30344	6.32247
144.2000	6.33788	6.32221
144.3000	6.32586	6.32727
144.4000	6.30607	6.34617
144.5000	6.33719	6.34516
144.6000	6.34067	6.33674
144.7000	6.31838	6.32429
144.8000	6.3393	6.31233
144.9000	6.32559	6.32691
145.0000	6.32178	6.33566
145.1000	6.32466	6.32172
145.2000	6.31584	6.3105
145.3000	6.32852	6.32428
145.4000	6.30297	6.30505
145.5000	6.29884	6.32551
145.6000	6.30957	6.32802
145.7000	6.32611	6.31836
145.8000	6.32166	6.3383
145.9000	6.31333	6.32626
146.0000	6.31911	6.30529
146.1000	6.32498	6.32092
146.2000	6.31833	6.35081
146.3000	6.32874	6.33254
146.4000	6.33328	6.30942
146.5000	6.34446	6.31384
146.6000	6.34334	6.30974
146.7000	6.32096	6.32429
146.8000	6.33068	6.32449
146.9000	6.34613	6.33712
147.0000	6.31735	6.34269
147.1000	6.30313	6.33106
147.2000	6.28285	6.33472
147.3000	6.30599	6.30287
147.4000	6.30555	6.31133
147.5000	6.32277	6.33695
147.6000	6.34773	6.3311
147.7000	6.34779	6.32671
147.8000	6.32485	6.32981
147.9000	6.31007	6.32914
148.0000	6.31176	6.32288
148.1000	6.31225	6.34941
148.2000	6.31042	6.35752
148.3000	6.30828	6.34552
148.4000	6.30171	6.35013
148.5000	6.31165	6.35248
148.6000	6.3231	6.35337
148.7000	6.3186	6.33041
148.8000	6.34699	6.35017
148.9000	6.3438	6.35975
149.0000	6.30666	6.36045
149.1000	6.30657	6.33916
149.2000	6.34061	6.34185
149.3000	6.33521	6.33759
149.4000	6.32502	6.34729
149.5000	6.29362	6.33409
149.6000	6.31202	6.36085
149.7000	6.31778	6.35588
149.8000	6.33117	6.34676
149.9000	6.31302	6.33129
150.0000	6.30667	6.32729
150.1000	6.332	6.369
150.2000	6.34424	6.36845
150.3000	6.33327	6.37214
150.4000	6.34369	6.36279
150.5000	6.34294	6.34795
150.6000	6.31241	6.31674
150.7000	6.31401	6.33062
150.8000	6.30729	6.33768
150.9000	6.2964	6.32881
151.0000	6.34133	6.34573
151.1000	6.35398	6.33949
151.2000	6.34466	6.34977
151.3000	6.32201	6.35578
151.4000	6.31995	6.34833
151.5000	6.34249	6.35008
151.6000	6.34567	6.35613
151.7000	6.36354	6.33741
151.8000	6.34185	6.34216
151.9000	6.34255	6.3529
152.0000	6.34811	6.36572
152.1000	6.35332	6.34133
152.2000	6.34701	6.35514
152.3000	6.3502	6.35373
152.4000	6.34803	6.34575
152.5000	6.35415	6.34946
152.6000	6.33292	6.35209
152.7000	6.33066	6.33784
152.8000	6.32671	6.33205
152.9000	6.31739	6.35299
153.0000	6.31679	6.33629
153.1000	6.33358	6.37375
153.2000	6.34242	6.38489
153.3000	6.34661	6.36869
153.4000	6.31365	6.36523
153.5000	6.33591	6.36603
153.6000	6.3337	6.36164
153.7000	6.33683	6.35027
153.8000	6.34075	6.36339
153.9000	6.35089	6.35812
154.0000	6.3224	6.34584
154.1000	6.32037	6.35428
154.2000	6.31873	6.34691
154.3000	6.35627	6.3689
154.4000	6.35441	6.36775
154.5000	6.32767	6.34398
154.6000	6.31467	6.33468
154.7000	6.28833	6.35594
154.8000	6.28697	6.36312
154.9000	6.2984	6.37475
155.0000	6.30915	6.37648
155.1000	6.31456	6.37314
155.2000	6.34243	6.37119
155.3000	6.3529	6.35023
155.4000	6.35208	6.35739
155.5000	6.33637	6.36409
155.6000	6.32299	6.3789
155.7000	6.3503	6.36604
155.8000	6.36074	6.36529
155.9000	6.33563	6.34542
156.0000	6.32778	6.36523
156.1000	6.34542	6.3625
156.2000	6.32889	6.37179
156.3000	6.29101	6.3634
156.4000	6.32748	6.35626
156.5000	6.32492	6.35551
156.6000	6.33057	6.36141
156.7000	6.32779	6.35611
156.8000	6.33903	6.36618
156.9000	6.3341	6.3567
157.0000	6.32014	6.34833
157.1000	6.31098	6.34555
157.2000	6.3335	6.34845
157.3000	6.35808	6.34191
157.4000	6.36996	6.34575
157.5000	6.34378	6.37196
157.6000	6.32211	6.36875
157.7000	6.34146	6.35516
157.8000	6.34485	6.36312
157.9000	6.30853	6.36025
158.0000	6.30935	6.3438
158.1000	6.34634	6.34577
158.2000	6.35222	6.33831
158.3000	6.32683	6.3771
158.4000	6.3021	6.37485
158.5000	6.33519	6.35264
158.6000	6.35414	6.35173
158.7000	6.32336	6.34224
158.8000	6.33489	6.36002
158.9000	6.34359	6.34424
159.0000	6.34769	6.34539
159.1000	6.33945	6.33978
159.2000	6.34866	6.36669
159.3000	6.34437	6.34903
159.4000	6.32006	6.34614
159.5000	6.3227	6.35544
159.6000	6.33556	6.35785
159.7000	6.36464	6.32644
159.8000	6.34805	6.34343
159.9000	6.31496	6.35382
160.0000	6.33493	6.35407
160.1000	6.35941	6.33125
160.2000	6.33905	6.33311
160.3000	6.31671	6.36713
160.4000	6.29681	6.36936
160.5000	6.32475	6.34924
160.6000	6.32765	6.35537
160.7000	6.3497	6.36013
160.8000	6.36268	6.36461
160.9000	6.35415	6.37143
161.0000	6.33193	6.36686
161.1000	6.37049	6.37564
161.2000	6.37756	6.38419
161.3000	6.34889	6.38881
161.4000	6.33336	6.34612
161.5000	6.32063	6.33482
161.6000	6.31436	6.3632
161.7000	6.3428	6.36159
161.8000	6.33969	6.36453
161.9000	6.32568	6.37377
162.0000	6.32136	6.37398
162.1000	6.3239	6.40186
162.2000	6.34503	6.38625
162.3000	6.34505	6.37174
162.4000	6.33765	6.38273
162.5000	6.36338	6.37653
162.6000	6.34507	6.36088
162.7000	6.361	6.38492
162.8000	6.37801	6.3707
162.9000	6.35749	6.35574
163.0000	6.33604	6.36725
163.1000	6.33485	6.37491
163.2000	6.32305	6.38466
163.3000	6.32239	6.39496
163.4000	6.32111	6.39578
163.5000	6.30136	6.39552
163.6000	6.3216	6.37743
163.7000	6.36592	6.37874
163.8000	6.36198	6.38617
163.9000	6.34858	6.36643
164.0000	6.34924	6.38662
164.1000	6.373	6.39147
164.2000	6.35233	6.3856
164.3000	6.29983	6.37572
164.4000	6.31666	6.36726
164.5000	6.35395	6.3859
164.6000	6.35833	6.3723
164.7000	6.35246	6.35714
164.8000	6.32145	6.36464
164.9000	6.33009	6.36553
165.0000	6.33679	6.37259
165.1000	6.33267	6.39289
165.2000	6.32581	6.39171
165.3000	6.32349	6.38167
165.4000	6.36649	6.37901
165.5000	6.35746	6.36248
165.6000	6.33282	6.36802
165.7000	6.32251	6.35677
165.8000	6.32146	6.3741
165.9000	6.31258	6.37278
166.0000	6.31266	6.38224
166.1000	6.3389	6.38645
166.2000	6.36497	6.39633
166.3000	6.36968	6.39263
166.4000	6.36189	6.37183
166.5000	6.31524	6.36399
166.6000	6.36297	6.35397
166.7000	6.36295	6.39567
166.8000	6.36174	6.40889
166.9000	6.35485	6.40937
167.0000	6.3495	6.39186
167.1000	6.35822	6.38385
167.2000	6.3455	6.38815
167.3000	6.33942	6.38232
167.4000	6.34391	6.35926
167.5000	6.35871	6.35398
167.6000	6.35267	6.37202
167.7000	6.34822	6.36975
167.8000	6.35433	6.38932
167.9000	6.34584	6.37555
168.0000	6.34082	6.36503
168.1000	6.35879	6.37032
168.2000	6.36053	6.37545
168.3000	6.34598	6.38649
168.4000	6.33956	6.38672
168.5000	6.33081	6.38342
168.6000	6.34997	6.39001
168.7000	6.34012	6.39073
168.8000	6.3328	6.38396
168.9000	6.3419	6.38413
169.0000	6.37452	6.38871
169.1000	6.37698	6.40537
169.2000	6.36825	6.38016
169.3000	6.37482	6.36394
169.4000	6.37695	6.36091
169.5000	6.35533	6.39328
169.6000	6.33332	6.39059
169.7000	6.33312	6.39862
169.8000	6.36275	6.38355
169.9000	6.36138	6.36976
170.0000	6.35604	6.3697
170.1000	6.34189	6.38378
170.2000	6.34152	6.39931
170.3000	6.33576	6.39066
170.4000	6.35133	6.39825
170.5000	6.36572	6.39224
170.6000	6.35713	6.37858
170.7000	6.36852	6.38462
170.8000	6.35044	6.39284
170.9000	6.33075	6.37197
171.0000	6.32794	6.40017
171.1000	6.33767	6.4239
171.2000	6.35286	6.40803
171.3000	6.36044	6.42104
171.4000	6.36988	6.39875
171.5000	6.37397	6.38151
171.6000	6.35812	6.37103
171.7000	6.35008	6.36867
171.8000	6.33707	6.38354
171.9000	6.3429	6.38628
172.0000	6.36068	6.37387
172.1000	6.37364	6.36092
172.2000	6.35229	6.37636
172.3000	6.37109	6.3774
172.4000	6.35972	6.39136
172.5000	6.3405	6.39136
172.6000	6.35156	6.36078
172.7000	6.35091	6.35606
172.8000	6.36188	6.37739
172.9000	6.35007	6.39617
173.0000	6.35626	6.40304
173.1000	6.36156	6.39817
173.2000	6.34744	6.37384
173.3000	6.3535	6.34441
173.4000	6.35591	6.3823
173.5000	6.33843	6.407
173.6000	6.3385	6.40351
173.7000	6.36371	6.39026
173.8000	6.34012	6.37023
173.9000	6.33657	6.35257
174.0000	6.36766	6.3713
174.1000	6.39441	6.38221
174.2000	6.39495	6.38503
174.3000	6.36022	6.3845
174.4000	6.36615	6.37284
174.5000	6.35837	6.41537
174.6000	6.33767	6.41382
174.7000	6.33966	6.39085
174.8000	6.34949	6.35542
174.9000	6.33996	6.35006
175.0000	6.34511	6.38497
175.1000	6.34965	6.39228
175.2000	6.32827	6.39174
175.3000	6.33967	6.38136
175.4000	6.35174	6.39376
175.5000	6.35198	6.38545
175.6000	6.36245	6.38012
175.7000	6.36648	6.37243
175.8000	6.39879	6.40174
175.9000	6.40068	6.45049
176.0000	6.36894	6.44238
176.1000	6.34945	6.38714
176.2000	6.36507	6.39043
176.3000	6.39162	6.38068
176.4000	6.39002	6.38334
176.5000	6.38076	6.4088
176.6000	6.33586	6.39562
176.7000	6.33956	6.39731
176.8000	6.38074	6.40829
176.9000	6.37133	6.38359
177.0000	6.37983	6.38667
177.1000	6.36652	6.37189
177.2000	6.3614	6.38883
177.3000	6.33975	6.40149
177.4000	6.34821	6.40404
177.5000	6.37423	6.40807
177.6000	6.37606	6.39706
177.7000	6.35901	6.38605
177.8000	6.33926	6.38546
177.9000	6.34518	6.38233
178.0000	6.39678	6.38891
178.1000	6.4236	6.37023
178.2000	6.36691	6.37797
178.3000	6.33839	6.36296
178.4000	6.32758	6.39244
178.5000	6.36643	6.40044
178.6000	6.3724	6.41234
178.7000	6.36663	6.40767
178.8000	6.37222	6.37026
178.9000	6.36362	6.36193
179.0000	6.37344	6.35973
179.1000	6.38254	6.38767
179.2000	6.35759	6.37414
179.3000	6.35566	6.34561
179.4000	6.35236	6.34748
179.5000	6.35994	6.38018
179.6000	6.34348	6.40771
179.7000	6.34651	6.40503
179.8000	6.36915	6.40126
179.9000	6.37304	6.38299
180.0000	6.37616	6.35696
180.1000	6.39084	6.39413
180.2000	6.38309	6.40951
180.3000	6.38066	6.39015
180.4000	6.38095	6.37361
180.5000	6.3615	6.39035
180.6000	6.3708	6.38392
180.7000	6.37551	6.3747
180.8000	6.40832	6.41447
180.9000	6.37559	6.44967
181.0000	6.35407	6.41785
181.1000	6.34319	6.39223
181.2000	6.33905	6.37407
181.3000	6.34206	6.37978
181.4000	6.34841	6.39452
181.5000	6.35632	6.40993
181.6000	6.35066	6.4103
181.7000	6.36471	6.39171
181.8000	6.34995	6.38636
181.9000	6.34383	6.40612
182.0000	6.35157	6.39511
182.1000	6.355	6.36847
182.2000	6.35078	6.38572
182.3000	6.34669	6.39099
182.4000	6.36607	6.39532
182.5000	6.39088	6.39148
182.6000	6.36955	6.39166
182.7000	6.36117	6.42402
182.8000	6.36703	6.41764
182.9000	6.38741	6.40473
183.0000	6.3869	6.39231
183.1000	6.34967	6.38771
183.2000	6.36961	6.39333
183.3000	6.3592	6.38865
183.4000	6.33517	6.38251
183.5000	6.36149	6.40283
183.6000	6.35147	6.41708
183.7000	6.35634	6.41473
183.8000	6.36505	6.4017
183.9000	6.36695	6.39912
184.0000	6.35476	6.38968
184.1000	6.35761	6.4206
184.2000	6.37641	6.41879
184.3000	6.37028	6.41698
184.4000	6.36616	6.38595
184.5000	6.37602	6.39479
184.6000	6.37574	6.40326
184.7000	6.36399	6.40612
184.8000	6.36368	6.41249
184.9000	6.36078	6.41174
185.0000	6.35985	6.40225
185.1000	6.35171	6.41815
185.2000	6.3672	6.40139
185.3000	6.37713	6.38779
185.4000	6.38212	6.40845
185.5000	6.37935	6.41031
185.6000	6.34827	6.4069
185.7000	6.34336	6.41063
185.8000	6.36438	6.4323
185.9000	6.38929	6.43311
186.0000	6.37221	6.41906
186.1000	6.37764	6.39833
186.2000	6.35989	6.39138
186.3000	6.36839	6.40596
186.4000	6.39192	6.38144
186.5000	6.39764	6.38567
186.6000	6.3885	6.40981
186.7000	6.38581	6.41241
186.8000	6.38015	6.39158
186.9000	6.34873	6.41123
187.0000	6.36204	6.40035
187.1000	6.3836	6.40407
187.2000	6.38987	6.40839
187.3000	6.3742	6.40935
187.4000	6.36038	6.40712
187.5000	6.34355	6.41853
187.6000	6.39042	6.39995
187.7000	6.39377	6.42198
187.8000	6.37075	6.39184
187.9000	6.34131	6.38129
188.0000	6.36188	6.39126
188.1000	6.38101	6.41604
188.2000	6.38111	6.38912
188.3000	6.38325	6.37133
188.4000	6.37111	6.3509
188.5000	6.37956	6.37549
188.6000	6.38889	6.40002
188.7000	6.3715	6.39734
188.8000	6.35758	6.38477
188.9000	6.39056	6.398
189.0000	6.39113	6.38604
189.1000	6.36869	6.40732
189.2000	6.38255	6.41362
189.3000	6.3913	6.41825
189.4000	6.37662	6.42493
189.5000	6.40188	6.41356
189.6000	6.40591	6.40297
189.7000	6.3527	6.40984
189.8000	6.36545	6.41048
189.9000	6.38229	6.39471
190.0000	6.35761	6.38808
190.1000	6.36231	6.39175
190.2000	6.36199	6.35907
190.3000	6.37288	6.38198
190.4000	6.37124	6.38823
190.5000	6.38165	6.41588
190.6000	6.36027	6.41118
190.7000	6.3562	6.40836
190.8000	6.35639	6.39255
190.9000	6.37267	6.39395
191.0000	6.38807	6.39692
191.1000	6.40481	6.41528
191.2000	6.40728	6.41143
191.3000	6.38781	6.42179
191.4000	6.34861	6.40113
191.5000	6.34677	6.39197
191.6000	6.36199	6.41234
191.7000	6.38628	6.41412
191.8000	6.37578	6.42031
191.9000	6.36924	6.41965
192.0000	6.35896	6.38485
192.1000	6.37746	6.3764
192.2000	6.37029	6.38358
192.3000	6.38594	6.38849
192.4000	6.39167	6.41328
192.5000	6.39135	6.43978
192.6000	6.35424	6.41451
192.7000	6.35355	6.41594
192.8000	6.40485	6.387
192.9000	6.42133	6.38257
193.0000	6.41278	6.42332
193.1000	6.37376	6.41389
193.2000	6.34557	6.37809
193.3000	6.35338	6.3774
193.4000	6.39151	6.38873
193.5000	6.41562	6.3849
193.6000	6.42519	6.40432
193.7000	6.42163	6.42497
193.8000	6.39101	6.42374
193.9000	6.39679	6.41425
194.0000	6.38782	6.40283
194.1000	6.36015	6.39935
194.2000	6.35005	6.41037
194.3000	6.36373	6.41199
194.4000	6.36616	6.40753
194.5000	6.39156	6.42136
194.6000	6.41759	6.42675
194.7000	6.39785	6.40514
194.8000	6.38904	6.39811
194.9000	6.39066	6.40511
195.0000	6.39106	6.39111
195.1000	6.37924	6.40277
195.2000	6.35058	6.39781
195.3000	6.33582	6.41336
195.4000	6.34289	6.42375
195.5000	6.38776	6.4225
195.6000	6.39218	6.42005
195.7000	6.35227	6.42691
195.8000	6.33139	6.43234
195.9000	6.34737	6.42324
196.0000	6.36765	6.42672
196.1000	6.37107	6.4221
196.2000	6.38287	6.43228
196.3000	6.36326	6.41588
196.4000	6.39095	6.40959
196.5000	6.40631	6.41922
196.6000	6.40569	6.41184
196.7000	6.3914	6.43554
196.8000	6.38018	6.42803
196.9000	6.35204	6.41197
197.0000	6.37831	6.40168
197.1000	6.40776	6.42173
197.2000	6.41474	6.44827
197.3000	6.40308	6.42556
197.4000	6.40282	6.41479
197.5000	6.40014	6.38246
197.6000	6.40861	6.38133
197.7000	6.39396	6.39048
197.8000	6.38913	6.40912
197.9000	6.3958	6.40117
198.0000	6.3919	6.39345
198.1000	6.37875	6.38512
198.2000	6.38457	6.40731
198.3000	6.38613	6.43463
198.4000	6.3677	6.43714
198.5000	6.39498	6.42666
198.6000	6.41617	6.39709
198.7000	6.41724	6.36298
198.8000	6.40209	6.3942
198.9000	6.38041	6.41657
199.0000	6.37821	6.43573
199.1000	6.39279	6.40611
199.2000	6.40242	6.38144
199.3000	6.43028	6.41942
199.4000	6.42286	6.43379
199.5000	6.40652	6.42822
199.6000	6.41603	6.42212
199.7000	6.41004	6.40602
199.8000	6.40413	6.40416
199.9000	6.3972	6.4005
200.0000	6.39596	6
